import numpy as np

# Auto-generated file. Do not edit.
#
# Elements skipped due to NaN transition probabilities:
# EN 112: skipped due to insufficient transition data (NaN values)
# EN 115: skipped due to insufficient transition data (NaN values)
# EN 118: skipped due to insufficient transition data (NaN values)
# EN 143: skipped due to insufficient transition data (NaN values)
# EN 146: skipped due to insufficient transition data (NaN values)
# EN 154: skipped due to insufficient transition data (NaN values)
# EN 157: skipped due to insufficient transition data (NaN values)
# EN 203: skipped due to insufficient transition data (NaN values)
# EN 236: skipped due to insufficient transition data (NaN values)
# EN 243: skipped due to insufficient transition data (NaN values)
# EN 312: skipped due to insufficient transition data (NaN values)
TRANSITION_MATRICES = {
    12: np.array([[0.98866331, 0.01133669, 0.0, 0.0], [0.0, 0.97793375, 0.02206625, 0.0], [0.0, 0.0, 0.89663155, 0.10336845], [0.0, 0.0, 0.0, 1.0]], dtype=float),
    13: np.array([[0.99601684, 0.00398316, 0.0, 0.0], [0.0, 0.9672035, 0.0327965, 0.0], [0.0, 0.0, 0.79670782, 0.20329218], [0.0, 0.0, 0.0, 1.0]], dtype=float),
    15: np.array([[0.98796767, 0.01203233, 0.0, 0.0], [0.0, 0.98916596, 0.01083404, 0.0], [0.0, 0.0, 0.73974394, 0.26025606], [0.0, 0.0, 0.0, 1.0]], dtype=float),
    16: np.array([[0.99133071, 0.00866929, 0.0, 0.0], [0.0, 0.98398853, 0.01601147, 0.0], [0.0, 0.0, 0.93738656, 0.06261344], [0.0, 0.0, 0.0, 1.0]], dtype=float),
    28: np.array([[0.96252351, 0.03747649, 0.0, 0.0], [0.0, 0.99800673, 0.00199327, 0.0], [0.0, 0.0, 0.98270694, 0.01729306], [0.0, 0.0, 0.0, 1.0]], dtype=float),
    29: np.array([[0.97799165, 0.02200835, 0.0, 0.0], [0.0, 0.97627287, 0.02372713, 0.0], [0.0, 0.0, 0.8058393, 0.1941607], [0.0, 0.0, 0.0, 1.0]], dtype=float),
    30: np.array([[0.96994617, 0.03005383, 0.0, 0.0], [0.0, 0.99409019, 0.00590981, 0.0], [0.0, 0.0, 0.90398269, 0.09601731], [0.0, 0.0, 0.0, 1.0]], dtype=float),
    31: np.array([[0.98639824, 0.01360176, 0.0, 0.0], [0.0, 0.96545071, 0.03454929, 0.0], [0.0, 0.0, 0.97589847, 0.02410153], [0.0, 0.0, 0.0, 1.0]], dtype=float),
    38: np.array([[0.99245303, 0.00754697, 0.0, 0.0], [0.0, 0.97458553, 0.02541447, 0.0], [0.0, 0.0, 0.87974464, 0.12025536], [0.0, 0.0, 0.0, 1.0]], dtype=float),
    54: np.array([[0.98636841, 0.01363159, 0.0, 0.0], [0.0, 0.97666425, 0.02333575, 0.0], [0.0, 0.0, 0.84754841, 0.15245159], [0.0, 0.0, 0.0, 1.0]], dtype=float),
    60: np.array([[0.96349984, 0.03650016, 0.0, 0.0], [0.0, 0.05444126, 0.94555874, 0.0], [0.0, 0.0, 0.0053286, 0.9946714], [0.0, 0.0, 0.0, 1.0]], dtype=float),
    102: np.array([[0.96620337, 0.03379663, 0.0, 0.0], [0.0, 0.99885195, 0.00114805, 0.0], [0.0, 0.0, 0.71814672, 0.28185328], [0.0, 0.0, 0.0, 1.0]], dtype=float),
    104: np.array([[0.99235392, 0.00764608, 0.0, 0.0], [0.0, 0.96819241, 0.03180759, 0.0], [0.0, 0.0, 0.97957748, 0.02042252], [0.0, 0.0, 0.0, 1.0]], dtype=float),
    105: np.array([[0.98469321, 0.01530679, 0.0, 0.0], [0.0, 0.99400667, 0.00599333, 0.0], [0.0, 0.0, 0.99328829, 0.00671171], [0.0, 0.0, 0.0, 1.0]], dtype=float),
    107: np.array([[0.98564543, 0.01435457, 0.0, 0.0], [0.0, 0.99185604, 0.00814396, 0.0], [0.0, 0.0, 0.92926744, 0.07073256], [0.0, 0.0, 0.0, 1.0]], dtype=float),
    109: np.array([[0.99821571, 0.00178429, 0.0, 0.0], [0.0, 0.95598546, 0.04401454, 0.0], [0.0, 0.0, 0.6815864, 0.3184136], [0.0, 0.0, 0.0, 1.0]], dtype=float),
    110: np.array([[0.99261725, 0.00738275, 0.0, 0.0], [0.0, 0.9959224, 0.0040776, 0.0], [0.0, 0.0, 0.94617187, 0.05382813], [0.0, 0.0, 0.0, 1.0]], dtype=float),
    111: np.array([[0.9855358, 0.0144642, 0.0, 0.0], [0.0, 0.93035893, 0.06964107, 0.0], [0.0, 0.0, 0.89416985, 0.10583015], [0.0, 0.0, 0.0, 1.0]], dtype=float),
    113: np.array([[0.98699347, 0.01300653, 0.0, 0.0], [0.0, 0.98125078, 0.01874922, 0.0], [0.0, 0.0, 0.95414698, 0.04585302], [0.0, 0.0, 0.0, 1.0]], dtype=float),
    116: np.array([[0.99716304, 0.00283696, 0.0, 0.0], [0.0, 0.99859893, 0.00140107, 0.0], [0.0, 0.0, 0.99099786, 0.00900214], [0.0, 0.0, 0.0, 1.0]], dtype=float),
    117: np.array([[0.99482927, 0.00517073, 0.0, 0.0], [0.0, 0.995301, 0.004699, 0.0], [0.0, 0.0, 0.94987469, 0.05012531], [0.0, 0.0, 0.0, 1.0]], dtype=float),
    120: np.array([[0.96673352, 0.03326648, 0.0, 0.0], [0.0, 0.96014759, 0.03985241, 0.0], [0.0, 0.0, 0.98853128, 0.01146872], [0.0, 0.0, 0.0, 1.0]], dtype=float),
    135: np.array([[0.89791823, 0.10208177, 0.0, 0.0], [0.0, 0.98761318, 0.01238682, 0.0], [0.0, 0.0, 0.9886148, 0.0113852], [0.0, 0.0, 0.0, 1.0]], dtype=float),
    141: np.array([[0.97679165, 0.02320835, 0.0, 0.0], [0.0, 0.99059797, 0.00940203, 0.0], [0.0, 0.0, 1.0, 0.0], [0.0, 0.0, 0.0, 1.0]], dtype=float),
    144: np.array([[0.99155932, 0.00844068, 0.0, 0.0], [0.0, 0.98549791, 0.01450209, 0.0], [0.0, 0.0, 1.0, 0.0], [0.0, 0.0, 0.0, 1.0]], dtype=float),
    147: np.array([[0.99144611, 0.00855389, 0.0, 0.0], [0.0, 0.76760844, 0.23239156, 0.0], [0.0, 0.0, 0.11111111, 0.88888889], [0.0, 0.0, 0.0, 1.0]], dtype=float),
    148: np.array([[0.86588409, 0.13411591, 0.0, 0.0], [0.0, 0.17809798, 0.82190202, 0.0], [0.0, 0.0, 0.0, 1.0], [0.0, 0.0, 0.0, 1.0]], dtype=float),
    152: np.array([[0.9501218, 0.0498782, 0.0, 0.0], [0.0, 0.97713267, 0.02286733, 0.0], [0.0, 0.0, 0.8908899, 0.1091101], [0.0, 0.0, 0.0, 1.0]], dtype=float),
    155: np.array([[0.99418726, 0.00581274, 0.0, 0.0], [0.0, 0.99068377, 0.00931623, 0.0], [0.0, 0.0, 0.90679806, 0.09320194], [0.0, 0.0, 0.0, 1.0]], dtype=float),
    156: np.array([[0.98181922, 0.01818078, 0.0, 0.0], [0.0, 0.96089868, 0.03910132, 0.0], [0.0, 0.0, 0.95334773, 0.04665227], [0.0, 0.0, 0.0, 1.0]], dtype=float),
    161: np.array([[0.93406439, 0.06593561, 0.0, 0.0], [0.0, 0.98244459, 0.01755541, 0.0], [0.0, 0.0, 0.81632653, 0.18367347], [0.0, 0.0, 0.0, 1.0]], dtype=float),
    162: np.array([[0.97398903, 0.02601097, 0.0, 0.0], [0.0, 0.95093627, 0.04906373, 0.0], [0.0, 0.0, 0.98832425, 0.01167575], [0.0, 0.0, 0.0, 1.0]], dtype=float),
    202: np.array([[0.95929171, 0.04070829, 0.0, 0.0], [0.0, 0.97254902, 0.02745098, 0.0], [0.0, 0.0, 0.97148676, 0.02851324], [0.0, 0.0, 0.0, 1.0]], dtype=float),
    204: np.array([[0.99442473, 0.00557527, 0.0, 0.0], [0.0, 0.98108747, 0.01891253, 0.0], [0.0, 0.0, 0.84615385, 0.15384615], [0.0, 0.0, 0.0, 1.0]], dtype=float),
    205: np.array([[0.9740111, 0.0259889, 0.0, 0.0], [0.0, 0.97672782, 0.02327218, 0.0], [0.0, 0.0, 0.94809643, 0.05190357], [0.0, 0.0, 0.0, 1.0]], dtype=float),
    206: np.array([[0.950118, 0.049882, 0.0, 0.0], [0.0, 0.90977131, 0.09022869, 0.0], [0.0, 0.0, 0.55181024, 0.44818976], [0.0, 0.0, 0.0, 1.0]], dtype=float),
    210: np.array([[0.97323864, 0.02676136, 0.0, 0.0], [0.0, 0.97894399, 0.02105601, 0.0], [0.0, 0.0, 0.84224551, 0.15775449], [0.0, 0.0, 0.0, 1.0]], dtype=float),
    213: np.array([[0.89568345, 0.10431655, 0.0, 0.0], [0.0, 0.91975309, 0.08024691, 0.0], [0.0, 0.0, 0.89166667, 0.10833333], [0.0, 0.0, 0.0, 1.0]], dtype=float),
    215: np.array([[0.99270765, 0.00729235, 0.0, 0.0], [0.0, 0.98121444, 0.01878556, 0.0], [0.0, 0.0, 0.92357957, 0.07642043], [0.0, 0.0, 0.0, 1.0]], dtype=float),
    216: np.array([[0.97599246, 0.02400754, 0.0, 0.0], [0.0, 0.97372831, 0.02627169, 0.0], [0.0, 0.0, 0.78484848, 0.21515152], [0.0, 0.0, 0.0, 1.0]], dtype=float),
    217: np.array([[0.97746331, 0.02253669, 0.0, 0.0], [0.0, 0.9845113, 0.0154887, 0.0], [0.0, 0.0, 0.91165414, 0.08834586], [0.0, 0.0, 0.0, 1.0]], dtype=float),
    218: np.array([[1.0, 0.0, 0.0, 0.0], [0.0, 1.0, 0.0, 0.0], [0.0, 0.0, 1.0, 0.0], [0.0, 0.0, 0.0, 1.0]], dtype=float),
    219: np.array([[0.89233235, 0.10766765, 0.0, 0.0], [0.0, 0.99245475, 0.00754525, 0.0], [0.0, 0.0, 0.98465374, 0.01534626], [0.0, 0.0, 0.0, 1.0]], dtype=float),
    220: np.array([[0.9722961, 0.0277039, 0.0, 0.0], [0.0, 0.9778348, 0.0221652, 0.0], [0.0, 0.0, 0.90041795, 0.09958205], [0.0, 0.0, 0.0, 1.0]], dtype=float),
    225: np.array([[0.94246095, 0.05753905, 0.0, 0.0], [0.0, 0.9816761, 0.0183239, 0.0], [0.0, 0.0, 0.98422912, 0.01577088], [0.0, 0.0, 0.0, 1.0]], dtype=float),
    226: np.array([[0.9778379, 0.0221621, 0.0, 0.0], [0.0, 0.9958385, 0.0041615, 0.0], [0.0, 0.0, 0.92771084, 0.07228916], [0.0, 0.0, 0.0, 1.0]], dtype=float),
    227: np.array([[0.97167249, 0.02832751, 0.0, 0.0], [0.0, 0.99053628, 0.00946372, 0.0], [0.0, 0.0, 0.76470588, 0.23529412], [0.0, 0.0, 0.0, 1.0]], dtype=float),
    228: np.array([[0.97270433, 0.02729567, 0.0, 0.0], [0.0, 0.9789821, 0.0210179, 0.0], [0.0, 0.0, 0.90063015, 0.09936985], [0.0, 0.0, 0.0, 1.0]], dtype=float),
    231: np.array([[0.97071715, 0.02928285, 0.0, 0.0], [0.0, 0.97859768, 0.02140232, 0.0], [0.0, 0.0, 0.94796954, 0.05203046], [0.0, 0.0, 0.0, 1.0]], dtype=float),
    233: np.array([[0.98445563, 0.01554437, 0.0, 0.0], [0.0, 0.77966102, 0.22033898, 0.0], [0.0, 0.0, 1.0, 0.0], [0.0, 0.0, 0.0, 1.0]], dtype=float),
    234: np.array([[0.99353702, 0.00646298, 0.0, 0.0], [0.0, 0.97493893, 0.02506107, 0.0], [0.0, 0.0, 0.87102375, 0.12897625], [0.0, 0.0, 0.0, 1.0]], dtype=float),
    235: np.array([[0.95999245, 0.04000755, 0.0, 0.0], [0.0, 0.96555778, 0.03444222, 0.0], [0.0, 0.0, 0.79319894, 0.20680106], [0.0, 0.0, 0.0, 1.0]], dtype=float),
    240: np.array([[0.9753769, 0.0246231, 0.0, 0.0], [0.0, 0.96248787, 0.03751213, 0.0], [0.0, 0.0, 0.98802665, 0.01197335], [0.0, 0.0, 0.0, 1.0]], dtype=float),
    241: np.array([[0.97784029, 0.02215971, 0.0, 0.0], [0.0, 0.98143408, 0.01856592, 0.0], [0.0, 0.0, 0.89816248, 0.10183752], [0.0, 0.0, 0.0, 1.0]], dtype=float),
    245: np.array([[0.9373913, 0.0626087, 0.0, 0.0], [0.0, 0.99586777, 0.00413223, 0.0], [0.0, 0.0, 1.0, 0.0], [0.0, 0.0, 0.0, 1.0]], dtype=float),
    300: np.array([[0.89223666, 0.10776334, 0.0, 0.0], [0.0, 0.97332303, 0.02667697, 0.0], [0.0, 0.0, 0.94846879, 0.05153121], [0.0, 0.0, 0.0, 1.0]], dtype=float),
    301: np.array([[0.95567644, 0.04432356, 0.0, 0.0], [0.0, 0.89531523, 0.10468477, 0.0], [0.0, 0.0, 0.82853641, 0.17146359], [0.0, 0.0, 0.0, 1.0]], dtype=float),
    302: np.array([[0.94432793, 0.05567207, 0.0, 0.0], [0.0, 0.95585105, 0.04414895, 0.0], [0.0, 0.0, 0.90040749, 0.09959251], [0.0, 0.0, 0.0, 1.0]], dtype=float),
    303: np.array([[0.91322415, 0.08677585, 0.0, 0.0], [0.0, 0.96494577, 0.03505423, 0.0], [0.0, 0.0, 0.68933743, 0.31066257], [0.0, 0.0, 0.0, 1.0]], dtype=float),
    304: np.array([[0.97726005, 0.02273995, 0.0, 0.0], [0.0, 0.95324143, 0.04675857, 0.0], [0.0, 0.0, 0.83396976, 0.16603024], [0.0, 0.0, 0.0, 1.0]], dtype=float),
    305: np.array([[0.98687732, 0.01312268, 0.0, 0.0], [0.0, 0.97203791, 0.02796209, 0.0], [0.0, 0.0, 0.92170819, 0.07829181], [0.0, 0.0, 0.0, 1.0]], dtype=float),
    306: np.array([[0.92843626, 0.07156374, 0.0, 0.0], [0.0, 0.9165623, 0.0834377, 0.0], [0.0, 0.0, 0.81077456, 0.18922544], [0.0, 0.0, 0.0, 1.0]], dtype=float),
    310: np.array([[0.99773961, 0.00226039, 0.0, 0.0], [0.0, 0.86994033, 0.13005967, 0.0], [0.0, 0.0, 0.56796375, 0.43203625], [0.0, 0.0, 0.0, 1.0]], dtype=float),
    311: np.array([[0.9582641, 0.0417359, 0.0, 0.0], [0.0, 0.98158787, 0.01841213, 0.0], [0.0, 0.0, 0.96860987, 0.03139013], [0.0, 0.0, 0.0, 1.0]], dtype=float),
    313: np.array([[0.96460437, 0.03539563, 0.0, 0.0], [0.0, 0.98399192, 0.01600808, 0.0], [0.0, 0.0, 0.90781648, 0.09218352], [0.0, 0.0, 0.0, 1.0]], dtype=float),
    314: np.array([[0.98292747, 0.01707253, 0.0, 0.0], [0.0, 0.99097829, 0.00902171, 0.0], [0.0, 0.0, 0.9772423, 0.0227577], [0.0, 0.0, 0.0, 1.0]], dtype=float),
    315: np.array([[0.97161395, 0.02838605, 0.0, 0.0], [0.0, 0.96221662, 0.03778338, 0.0], [0.0, 0.0, 0.76363636, 0.23636364], [0.0, 0.0, 0.0, 1.0]], dtype=float),
    316: np.array([[0.96510229, 0.03489771, 0.0, 0.0], [0.0, 0.95882353, 0.04117647, 0.0], [0.0, 0.0, 0.65, 0.35], [0.0, 0.0, 0.0, 1.0]], dtype=float),
    330: np.array([[0.98454405, 0.01545595, 0.0, 0.0], [0.0, 0.97656254, 0.02343746, 0.0], [0.0, 0.0, 0.66887375, 0.33112625], [0.0, 0.0, 0.0, 1.0]], dtype=float),
    331: np.array([[0.98530834, 0.01469166, 0.0, 0.0], [0.0, 0.99519284, 0.00480716, 0.0], [0.0, 0.0, 0.93945486, 0.06054514], [0.0, 0.0, 0.0, 1.0]], dtype=float),
    332: np.array([[0.97091494, 0.02908506, 0.0, 0.0], [0.0, 0.98563288, 0.01436712, 0.0], [0.0, 0.0, 0.98160572, 0.01839428], [0.0, 0.0, 0.0, 1.0]], dtype=float),
    333: np.array([[0.99827048, 0.00172952, 0.0, 0.0], [0.0, 0.97438087, 0.02561913, 0.0], [0.0, 0.0, 0.88614801, 0.11385199], [0.0, 0.0, 0.0, 1.0]], dtype=float),
    334: np.array([[0.99901902, 0.00098098, 0.0, 0.0], [0.0, 0.99920509, 0.00079491, 0.0], [0.0, 0.0, 1.0, 0.0], [0.0, 0.0, 0.0, 1.0]], dtype=float),
    510: np.array([[0.95472352, 0.04527648, 0.0, 0.0], [0.0, 0.71665069, 0.28334931, 0.0], [0.0, 0.0, 0.24085552, 0.75914448], [0.0, 0.0, 0.0, 1.0]], dtype=float),
    515: np.array([[0.91899298, 0.08100702, 0.0, 0.0], [0.0, 0.63750744, 0.36249256, 0.0], [0.0, 0.0, 0.33120171, 0.66879829], [0.0, 0.0, 0.0, 1.0]], dtype=float),
    521: np.array([[0.90256317, 0.09743683, 0.0, 0.0], [0.0, 0.28497101, 0.71502899, 0.0], [0.0, 0.0, 0.02777477, 0.97222523], [0.0, 0.0, 0.0, 1.0]], dtype=float),
}
